  .00000E+00  .29012E+03  .13734E+03  .11280E+00  .78285E-02  .20408E+03  .22561E-03  .00000E+00
  .00000E+00  .29012E+03  .13734E+03  .11280E+00  .78285E-02  .20408E+03  .22561E-03  .00000E+00
  .00000E+00  .29012E+03  .13734E+03  .11280E+00  .78285E-02  .20408E+03  .22561E-03  .00000E+00
  .00000E+00  .29012E+03  .13734E+03  .11280E+00  .78285E-02  .20408E+03  .22561E-03  .00000E+00
  .00000E+00  .29012E+03  .13734E+03  .11280E+00  .78285E-02  .20408E+03  .22561E-03  .00000E+00
  .00000E+00  .29012E+03  .13734E+03  .11280E+00  .78285E-02  .20408E+03  .22561E-03  .00000E+00
  .00000E+00  .29012E+03  .13734E+03  .11280E+00  .78285E-02  .20408E+03  .22561E-03  .00000E+00
  .00000E+00  .29012E+03  .13734E+03  .11280E+00  .78285E-02  .20408E+03  .22561E-03  .00000E+00
  .00000E+00  .29012E+03  .13734E+03  .11280E+00  .78285E-02  .20408E+03  .22561E-03  .00000E+00
  .00000E+00  .29012E+03  .13734E+03  .11280E+00  .78285E-02  .20408E+03  .22561E-03  .00000E+00
  .00000E+00  .29012E+03  .13734E+03  .11280E+00  .78285E-02  .20408E+03  .22561E-03  .00000E+00
  .00000E+00  .29012E+03  .13734E+03  .11280E+00  .78285E-02  .20408E+03  .22561E-03  .00000E+00
  .00000E+00  .29012E+03  .13734E+03  .11280E+00  .78285E-02  .20408E+03  .22561E-03  .00000E+00
  .00000E+00  .29012E+03  .13734E+03  .11280E+00  .78285E-02  .20408E+03  .22355E-03  .00000E+00
  .00000E+00  .29012E+03  .13238E+03  .10870E+00  .75411E-02  .20370E+03  .21534E-03  .00000E+00
  .00000E+00  .29012E+03  .12246E+03  .10048E+00  .69665E-02  .20297E+03  .20302E-03  .00000E+00
  .00000E+00  .29012E+03  .11750E+03  .96374E-01  .66792E-02  .20262E+03  .19480E-03  .00000E+00
  .00000E+00  .29012E+03  .11750E+03  .96374E-01  .66792E-02  .20262E+03  .19275E-03  .00000E+00
  .00000E+00  .29012E+03  .11750E+03  .96374E-01  .66792E-02  .20262E+03  .19275E-03  .00000E+00
  .00000E+00  .29012E+03  .11750E+03  .96374E-01  .66792E-02  .20262E+03  .19275E-03  .00000E+00
  .00000E+00  .29012E+03  .11750E+03  .96374E-01  .66792E-02  .20262E+03  .19275E-03  .00000E+00
  .00000E+00  .29012E+03  .11750E+03  .96374E-01  .66792E-02  .20262E+03  .19275E-03  .00000E+00
  .00000E+00  .29012E+03  .11750E+03  .96374E-01  .66792E-02  .20262E+03  .19275E-03  .00000E+00
  .00000E+00  .29012E+03  .11750E+03  .96374E-01  .66792E-02  .20262E+03  .19275E-03  .00000E+00
  .00000E+00  .29012E+03  .11750E+03  .96374E-01  .66792E-02  .20262E+03  .19275E-03  .00000E+00
  .00000E+00  .29012E+03  .11750E+03  .96374E-01  .66792E-02  .20262E+03  .19480E-03  .00000E+00
  .00000E+00  .29012E+03  .12246E+03  .10048E+00  .69665E-02  .20297E+03  .20302E-03  .00000E+00
  .00000E+00  .29012E+03  .13238E+03  .10870E+00  .75411E-02  .20370E+03  .21534E-03  .00000E+00
  .00000E+00  .29012E+03  .13734E+03  .11280E+00  .78285E-02  .20408E+03  .22355E-03  .00000E+00
  .00000E+00  .29012E+03  .13734E+03  .11280E+00  .78285E-02  .20408E+03  .22561E-03  .00000E+00
  .00000E+00  .29012E+03  .13734E+03  .11280E+00  .78285E-02  .20408E+03  .22561E-03  .00000E+00
  .00000E+00  .29012E+03  .13734E+03  .11280E+00  .78285E-02  .20408E+03  .22561E-03  .00000E+00
  .00000E+00  .29012E+03  .13734E+03  .11280E+00  .78285E-02  .20408E+03  .22561E-03  .00000E+00
  .00000E+00  .29012E+03  .13734E+03  .11280E+00  .78285E-02  .20408E+03  .22561E-03  .00000E+00
  .00000E+00  .29012E+03  .13734E+03  .11280E+00  .78285E-02  .20408E+03  .22561E-03  .00000E+00
  .00000E+00  .29012E+03  .13734E+03  .11280E+00  .78285E-02  .20408E+03  .22561E-03  .00000E+00
  .00000E+00  .29012E+03  .13734E+03  .11280E+00  .78285E-02  .20408E+03  .22561E-03  .00000E+00
  .00000E+00  .29012E+03  .13734E+03  .11280E+00  .78285E-02  .20408E+03  .22561E-03  .00000E+00
  .00000E+00  .29012E+03  .13734E+03  .11280E+00  .78285E-02  .20408E+03  .22561E-03  .00000E+00
  .00000E+00  .29012E+03  .13734E+03  .11280E+00  .78285E-02  .20408E+03  .22561E-03  .00000E+00
  .00000E+00  .29012E+03  .13734E+03  .11280E+00  .78285E-02  .20408E+03  .22561E-03  .00000E+00
  .00000E+00  .29012E+03  .13734E+03  .11280E+00  .78285E-02  .20408E+03  .22561E-03  .00000E+00
  .00000E+00  .29012E+03  .13734E+03  .11280E+00  .78285E-02  .20408E+03  .22561E-03  .00000E+00
  .00000E+00  .29012E+03  .13734E+03  .11280E+00  .78285E-02  .20408E+03  .22561E-03  .00000E+00
  .00000E+00  .29012E+03  .13734E+03  .11280E+00  .78285E-02  .20408E+03  .22561E-03  .00000E+00
  .00000E+00  .29012E+03  .13734E+03  .11280E+00  .78285E-02  .20408E+03  .22561E-03  .00000E+00
  .00000E+00  .29012E+03  .13734E+03  .11280E+00  .78285E-02  .20408E+03  .22561E-03  .00000E+00
  .00000E+00  .29012E+03  .13734E+03  .11280E+00  .78285E-02  .20408E+03  .22561E-03  .00000E+00
  .00000E+00  .29012E+03  .13734E+03  .11280E+00  .78285E-02  .20408E+03  .22561E-03  .00000E+00
  .00000E+00  .29012E+03  .13734E+03  .11280E+00  .78285E-02  .20408E+03  .22561E-03  .00000E+00
  .00000E+00  .29012E+03  .13734E+03  .11280E+00  .78285E-02  .20408E+03  .22561E-03  .00000E+00
  .00000E+00  .29012E+03  .13734E+03  .11280E+00  .78285E-02  .20408E+03  .22561E-03  .00000E+00
  .00000E+00  .29012E+03  .13734E+03  .11280E+00  .78285E-02  .20408E+03  .22561E-03  .00000E+00
  .00000E+00  .29012E+03  .13734E+03  .11280E+00  .78285E-02  .20408E+03  .22561E-03  .00000E+00
  .00000E+00  .29012E+03  .13734E+03  .11280E+00  .78285E-02  .20408E+03  .22561E-03  .00000E+00
  .00000E+00  .29012E+03  .13734E+03  .11280E+00  .78285E-02  .20408E+03  .22561E-03  .00000E+00
  .00000E+00  .29012E+03  .13734E+03  .11280E+00  .78285E-02  .20408E+03  .22561E-03  .00000E+00
  .00000E+00  .29012E+03  .13734E+03  .11280E+00  .78285E-02  .20408E+03  .22561E-03  .00000E+00
  .00000E+00  .29012E+03  .13734E+03  .11280E+00  .78285E-02  .20408E+03  .22561E-03  .00000E+00
  .00000E+00  .29012E+03  .13734E+03  .11280E+00  .78285E-02  .20408E+03  .22561E-03  .00000E+00
 -.17917E-04  .29172E+03  .50000E+01  .22820E-01  .71613E-01  .71805E+02  .45679E-04 -.71874E-01
  .15461E-04  .29173E+03  .50000E+01  .22350E-01  .71596E-01  .69807E+02  .44709E-04  .51560E-01
 -.15544E-04  .29173E+03  .50000E+01  .21897E-01  .71569E-01  .69090E+02  .43783E-04 -.34162E-01
  .11407E-04  .29172E+03  .50000E+01  .21421E-01  .71524E-01  .68079E+02  .42829E-04  .91238E-02
 -.85131E-05  .29171E+03  .50000E+01  .20919E-01  .71465E-01  .68533E+02  .41881E-04  .15609E-01
  .48239E-05  .29170E+03  .50000E+01  .20504E-01  .71400E-01  .68600E+02  .41229E-04 -.32845E-01
 -.43836E-07  .29169E+03  .50000E+01  .20533E-01  .71347E-01  .70449E+02  .41545E-04  .16024E+00
  .29994E-04  .29166E+03  .50000E+01  .21520E-01  .71339E-01  .72540E+02  .43813E-04  .40305E+00
  .36922E-03  .29164E+03  .50000E+01  .24053E-01  .71410E-01  .77427E+02  .49186E-04  .28435E+01
  .33956E-02  .29161E+03  .50000E+01  .28747E-01  .71585E-01  .84239E+02  .58623E-04  .12500E+02
  .16763E-01  .29157E+03  .50000E+01  .35699E-01  .71841E-01  .96883E+02  .72103E-04  .51505E+02
  .54389E-01  .29152E+03  .50000E+01  .44061E-01  .72086E-01  .11161E+03  .88163E-04  .18025E+03
  .12148E+00  .29144E+03  .50000E+01  .52504E-01  .72206E-01  .13115E+03  .10470E-03  .47849E+03
  .16905E+00  .29135E+03  .50000E+01  .60338E-01  .72055E-01  .14943E+03  .11549E-03  .74332E+03
  .15528E+00  .29129E+03  .50000E+01  .57796E-01  .60920E-01  .16563E+03  .11022E-03  .75246E+03
  .95925E-01  .29152E+03  .50000E+01  .44509E-01  .39205E-01  .16585E+03  .93220E-04  .43482E+03
  .51907E-01  .29142E+03  .50000E+01  .39627E-01  .28375E-01  .16040E+03  .83826E-04  .16390E+03
  .35295E-01  .29120E+03  .58411E+01  .43889E-01  .27969E-01  .15571E+03  .88123E-04  .89656E+02
  .29989E-01  .29099E+03  .74013E+01  .48841E-01  .27315E-01  .15970E+03  .97877E-04  .86124E+02
  .30345E-01  .29080E+03  .94680E+01  .54183E-01  .26262E-01  .16634E+03  .10787E-03  .79177E+02
  .31364E-01  .29065E+03  .11906E+02  .58537E-01  .24363E-01  .17787E+03  .11657E-03  .68021E+02
  .32588E-01  .29053E+03  .14710E+02  .61885E-01  .22030E-01  .18790E+03  .12351E-03  .58399E+02
  .32737E-01  .29045E+03  .17791E+02  .64711E-01  .19911E-01  .19877E+03  .12909E-03  .48771E+02
  .32814E-01  .29040E+03  .20808E+02  .66883E-01  .18183E-01  .20917E+03  .13340E-03  .42194E+02
  .31852E-01  .29036E+03  .23548E+02  .68316E-01  .16760E-01  .22016E+03  .13563E-03  .36443E+02
  .31505E-01  .29032E+03  .24354E+02  .67754E-01  .15939E-01  .23009E+03  .13926E-03  .76677E+02
  .32658E-01  .29023E+03  .18756E+02  .74688E-01  .25139E-01  .24147E+03  .15340E-03  .14137E+03
  .34219E-01  .28983E+03  .15215E+02  .89660E-01  .44599E-01  .25764E+03  .17268E-03  .14013E+03
  .30971E-01  .28980E+03  .12475E+02  .91348E-01  .56459E-01  .27668E+03  .17634E-03  .96640E+02
  .24073E-01  .28995E+03  .90891E+01  .80324E-01  .59945E-01  .28885E+03  .16046E-03  .59054E+02
  .16743E-01  .29018E+03  .63564E+01  .68920E-01  .63154E-01  .29326E+03  .13830E-03  .32995E+02
  .11502E-01  .29043E+03  .50000E+01  .58434E-01  .65694E-01  .28719E+03  .11759E-03  .20403E+02
  .78089E-02  .29066E+03  .50000E+01  .49383E-01  .67375E-01  .27290E+03  .99353E-04  .11801E+02
  .55450E-02  .29083E+03  .50000E+01  .41506E-01  .68337E-01  .24847E+03  .83444E-04  .82893E+01
  .38563E-02  .29094E+03  .50000E+01  .34493E-01  .68803E-01  .21455E+03  .69355E-04  .46629E+01
  .27660E-02  .29101E+03  .50000E+01  .28219E-01  .68951E-01  .15076E+03  .56833E-04  .37465E+01
  .18786E-02  .29105E+03  .50000E+01  .22734E-01  .68910E-01  .92982E+02  .45841E-04  .18065E+01
  .13073E-02  .29106E+03  .50000E+01  .17994E-01  .68778E-01  .72544E+02  .36196E-04  .18887E+01
  .82755E-03  .29106E+03  .50000E+01  .13670E-01  .68625E-01  .61697E+02  .27357E-04  .66864E+00
  .51217E-03  .29107E+03  .50000E+01  .93815E-02  .68488E-01  .49719E+02  .18957E-04  .10962E+01
  .27313E-03  .29109E+03  .50000E+01  .54814E-02  .68404E-01  .40000E+02  .12105E-04  .18568E+00
  .19374E-03  .29112E+03  .50000E+01  .38646E-02  .68456E-01  .40000E+02  .94640E-05  .72938E+00
  .20792E-03  .29116E+03  .50000E+01  .57172E-02  .68691E-01  .48396E+02  .12362E-04 -.10464E-01
  .29173E-03  .29120E+03  .50000E+01  .94259E-02  .69033E-01  .63012E+02  .18945E-04  .55545E+00
  .32510E-03  .29125E+03  .50000E+01  .13320E-01  .69404E-01  .75594E+02  .26590E-04 -.89024E-01
  .38421E-03  .29130E+03  .50000E+01  .17113E-01  .69790E-01  .86213E+02  .34158E-04  .44020E+00
  .35269E-03  .29135E+03  .50000E+01  .20770E-01  .70183E-01  .94921E+02  .41450E-04 -.14074E+00
  .37491E-03  .29141E+03  .50000E+01  .24247E-01  .70574E-01  .10172E+03  .48401E-04  .35429E+00
  .30758E-03  .29146E+03  .50000E+01  .27538E-01  .70951E-01  .10720E+03  .55028E-04 -.17874E+00
  .29455E-03  .29151E+03  .50000E+01  .30733E-01  .71307E-01  .11167E+03  .61487E-04  .28960E+00
  .22809E-03  .29154E+03  .50000E+01  .33971E-01  .71637E-01  .11606E+03  .68024E-04 -.19858E+00
  .18683E-03  .29157E+03  .50000E+01  .37372E-01  .71928E-01  .12003E+03  .74846E-04  .24222E+00
  .13405E-03  .29158E+03  .50000E+01  .40975E-01  .72150E-01  .12659E+03  .81903E-04 -.20307E+00
  .89284E-04  .29155E+03  .50000E+01  .44482E-01  .72237E-01  .13239E+03  .88279E-04  .20475E+00
  .37677E-04  .29149E+03  .50000E+01  .46618E-01  .72095E-01  .14393E+03  .91586E-04 -.18531E+00
  .29008E-04  .29140E+03  .50000E+01  .45454E-01  .71728E-01  .15854E+03  .89190E-04  .17607E+00
 -.14930E-04  .29136E+03  .50000E+01  .40854E-01  .71379E-01  .16768E+03  .81258E-04 -.16704E+00
  .19686E-04  .29143E+03  .50000E+01  .35353E-01  .71301E-01  .17399E+03  .71355E-04  .15613E+00
 -.21238E-04  .29154E+03  .50000E+01  .31150E-01  .71440E-01  .16874E+03  .63016E-04 -.14818E+00
  .18783E-04  .29162E+03  .50000E+01  .28378E-01  .71591E-01  .16784E+03  .57181E-04  .13601E+00
