  .00000E+00  .29014E+03  .35114E+03  .79003E-01  .15020E-02  .20125E+03  .15801E-03  .00000E+00
  .00000E+00  .29014E+03  .35114E+03  .79003E-01  .15020E-02  .20125E+03  .15801E-03  .00000E+00
  .00000E+00  .29014E+03  .35114E+03  .79003E-01  .15020E-02  .20125E+03  .15801E-03  .00000E+00
  .00000E+00  .29014E+03  .35114E+03  .79003E-01  .15020E-02  .20125E+03  .15801E-03  .00000E+00
  .00000E+00  .29014E+03  .35114E+03  .79003E-01  .15020E-02  .20125E+03  .15801E-03  .00000E+00
  .00000E+00  .29014E+03  .35114E+03  .79003E-01  .15020E-02  .20125E+03  .15801E-03  .00000E+00
  .00000E+00  .29014E+03  .35114E+03  .79003E-01  .15020E-02  .20125E+03  .15801E-03  .00000E+00
  .00000E+00  .29014E+03  .35114E+03  .79003E-01  .15020E-02  .20125E+03  .15801E-03  .00000E+00
  .00000E+00  .29014E+03  .35114E+03  .79003E-01  .15020E-02  .20125E+03  .15801E-03  .00000E+00
  .00000E+00  .29014E+03  .35114E+03  .79003E-01  .15020E-02  .20125E+03  .15801E-03  .00000E+00
  .00000E+00  .29014E+03  .35114E+03  .79003E-01  .15020E-02  .20125E+03  .15801E-03  .00000E+00
  .00000E+00  .29014E+03  .35114E+03  .79003E-01  .15020E-02  .20125E+03  .15801E-03  .00000E+00
  .00000E+00  .29014E+03  .35114E+03  .79003E-01  .15020E-02  .20125E+03  .15801E-03  .00000E+00
  .00000E+00  .29014E+03  .35114E+03  .79003E-01  .15020E-02  .20125E+03  .15801E-03  .00000E+00
  .00000E+00  .29014E+03  .35114E+03  .79003E-01  .15020E-02  .20125E+03  .15801E-03  .00000E+00
  .00000E+00  .29014E+03  .35114E+03  .79003E-01  .15020E-02  .20125E+03  .15801E-03  .00000E+00
  .00000E+00  .29014E+03  .35114E+03  .79003E-01  .15020E-02  .20125E+03  .15801E-03  .00000E+00
  .00000E+00  .29014E+03  .35114E+03  .79003E-01  .15020E-02  .20125E+03  .15801E-03  .00000E+00
  .00000E+00  .29014E+03  .35114E+03  .79003E-01  .15020E-02  .20125E+03  .15801E-03  .00000E+00
  .00000E+00  .29014E+03  .35114E+03  .79003E-01  .15020E-02  .20125E+03  .15801E-03  .00000E+00
  .00000E+00  .29014E+03  .35114E+03  .79003E-01  .15020E-02  .20125E+03  .15801E-03  .00000E+00
  .00000E+00  .29014E+03  .35114E+03  .79003E-01  .15020E-02  .20125E+03  .15801E-03  .00000E+00
  .00000E+00  .29014E+03  .35114E+03  .79003E-01  .15020E-02  .20125E+03  .15801E-03  .00000E+00
  .00000E+00  .29014E+03  .35114E+03  .79003E-01  .15020E-02  .20125E+03  .15801E-03  .00000E+00
  .00000E+00  .29014E+03  .35114E+03  .79003E-01  .15020E-02  .20125E+03  .15801E-03  .00000E+00
  .00000E+00  .29014E+03  .35114E+03  .79003E-01  .15020E-02  .20125E+03  .15801E-03  .00000E+00
  .00000E+00  .29014E+03  .35114E+03  .79003E-01  .15020E-02  .20125E+03  .15801E-03  .00000E+00
  .00000E+00  .29014E+03  .35114E+03  .79003E-01  .15020E-02  .20125E+03  .15801E-03  .00000E+00
  .00000E+00  .29014E+03  .35114E+03  .79003E-01  .15020E-02  .20125E+03  .15801E-03  .00000E+00
  .00000E+00  .29014E+03  .35114E+03  .79003E-01  .15020E-02  .20125E+03  .15801E-03  .00000E+00
  .00000E+00  .29014E+03  .35114E+03  .79003E-01  .15020E-02  .20125E+03  .15801E-03  .00000E+00
  .00000E+00  .29014E+03  .35114E+03  .79003E-01  .15020E-02  .20125E+03  .15801E-03  .00000E+00
  .00000E+00  .29014E+03  .35114E+03  .79003E-01  .15020E-02  .20125E+03  .15801E-03  .00000E+00
  .00000E+00  .29014E+03  .35114E+03  .79003E-01  .15020E-02  .20125E+03  .15801E-03  .00000E+00
  .00000E+00  .29014E+03  .35114E+03  .79003E-01  .15020E-02  .20125E+03  .15801E-03  .00000E+00
  .00000E+00  .29014E+03  .35114E+03  .79003E-01  .15020E-02  .20125E+03  .15801E-03  .00000E+00
  .00000E+00  .29014E+03  .35114E+03  .79003E-01  .15020E-02  .20125E+03  .15801E-03  .00000E+00
  .00000E+00  .29014E+03  .35114E+03  .79003E-01  .15020E-02  .20125E+03  .15801E-03  .00000E+00
  .00000E+00  .29014E+03  .35114E+03  .79003E-01  .15020E-02  .20125E+03  .15801E-03  .00000E+00
  .00000E+00  .29014E+03  .35114E+03  .79003E-01  .15020E-02  .20125E+03  .15801E-03  .00000E+00
  .00000E+00  .29014E+03  .35114E+03  .79003E-01  .15020E-02  .20125E+03  .15801E-03  .00000E+00
  .00000E+00  .29014E+03  .35114E+03  .79003E-01  .15020E-02  .20125E+03  .15801E-03  .00000E+00
  .00000E+00  .29014E+03  .35114E+03  .79003E-01  .15020E-02  .20125E+03  .15801E-03  .00000E+00
  .00000E+00  .29014E+03  .35114E+03  .79003E-01  .15020E-02  .20125E+03  .15801E-03  .00000E+00
  .00000E+00  .29014E+03  .35114E+03  .79003E-01  .15020E-02  .20125E+03  .15801E-03  .00000E+00
  .00000E+00  .29014E+03  .35114E+03  .79003E-01  .15020E-02  .20125E+03  .15801E-03  .00000E+00
  .00000E+00  .29014E+03  .35114E+03  .79003E-01  .15020E-02  .20125E+03  .15801E-03  .00000E+00
  .00000E+00  .29014E+03  .35114E+03  .79003E-01  .15020E-02  .20125E+03  .15801E-03  .00000E+00
  .00000E+00  .29014E+03  .35114E+03  .79003E-01  .15020E-02  .20125E+03  .15801E-03  .00000E+00
  .00000E+00  .29014E+03  .35114E+03  .79003E-01  .15020E-02  .20125E+03  .15801E-03  .00000E+00
  .00000E+00  .29014E+03  .35114E+03  .79003E-01  .15020E-02  .20125E+03  .15801E-03  .00000E+00
  .00000E+00  .29014E+03  .35114E+03  .79003E-01  .15020E-02  .20125E+03  .15801E-03  .00000E+00
  .00000E+00  .29014E+03  .35114E+03  .79003E-01  .15020E-02  .20125E+03  .15801E-03  .00000E+00
  .00000E+00  .29014E+03  .35114E+03  .79003E-01  .15020E-02  .20125E+03  .15801E-03  .00000E+00
  .00000E+00  .29014E+03  .35114E+03  .79003E-01  .15020E-02  .20125E+03  .15801E-03  .00000E+00
  .00000E+00  .29014E+03  .35114E+03  .79003E-01  .15020E-02  .20125E+03  .15801E-03  .00000E+00
  .00000E+00  .29014E+03  .35114E+03  .79003E-01  .15020E-02  .20125E+03  .15801E-03  .00000E+00
  .00000E+00  .29014E+03  .35114E+03  .79003E-01  .15020E-02  .20125E+03  .15801E-03  .00000E+00
  .00000E+00  .29014E+03  .35114E+03  .79003E-01  .15020E-02  .20125E+03  .15801E-03  .00000E+00
  .00000E+00  .29014E+03  .35114E+03  .79003E-01  .15020E-02  .20125E+03  .15801E-03  .00000E+00
  .00000E+00  .29014E+03  .35114E+03  .79003E-01  .15020E-02  .20125E+03  .15801E-03  .00000E+00
  .00000E+00  .29014E+03  .35114E+03  .79003E-01  .15020E-02  .20125E+03  .15801E-03  .00000E+00
  .00000E+00  .29014E+03  .35114E+03  .79003E-01  .15020E-02  .20125E+03  .15801E-03  .00000E+00
  .00000E+00  .29014E+03  .35114E+03  .79003E-01  .15020E-02  .20125E+03  .15801E-03  .00000E+00
  .00000E+00  .29014E+03  .35114E+03  .79003E-01  .15020E-02  .20125E+03  .15801E-03  .00000E+00
  .00000E+00  .29014E+03  .35114E+03  .79003E-01  .15020E-02  .20125E+03  .15801E-03  .00000E+00
  .00000E+00  .29014E+03  .35114E+03  .79003E-01  .15020E-02  .20125E+03  .15801E-03  .00000E+00
  .00000E+00  .29014E+03  .35114E+03  .79003E-01  .15020E-02  .20125E+03  .15801E-03  .00000E+00
  .00000E+00  .29014E+03  .35114E+03  .79003E-01  .15020E-02  .20125E+03  .15801E-03  .00000E+00
  .00000E+00  .29014E+03  .35114E+03  .79003E-01  .15020E-02  .20125E+03  .15801E-03  .00000E+00
  .00000E+00  .29014E+03  .35114E+03  .79003E-01  .15020E-02  .20125E+03  .15801E-03  .00000E+00
  .00000E+00  .29014E+03  .35114E+03  .79003E-01  .15020E-02  .20125E+03  .15801E-03  .00000E+00
  .00000E+00  .29014E+03  .35114E+03  .79003E-01  .15020E-02  .20125E+03  .15801E-03  .00000E+00
  .00000E+00  .29014E+03  .35114E+03  .79003E-01  .15020E-02  .20125E+03  .15801E-03  .00000E+00
  .00000E+00  .29014E+03  .35114E+03  .79003E-01  .15020E-02  .20125E+03  .15801E-03  .00000E+00
  .00000E+00  .29014E+03  .35114E+03  .79003E-01  .15020E-02  .20125E+03  .15801E-03  .00000E+00
  .00000E+00  .29014E+03  .35114E+03  .79003E-01  .15020E-02  .20125E+03  .15801E-03  .00000E+00
  .00000E+00  .29014E+03  .35114E+03  .79003E-01  .15020E-02  .20125E+03  .15801E-03  .00000E+00
  .00000E+00  .29014E+03  .35114E+03  .79003E-01  .15020E-02  .20125E+03  .15801E-03  .00000E+00
  .00000E+00  .29014E+03  .35114E+03  .79003E-01  .15020E-02  .20125E+03  .15801E-03  .00000E+00
  .00000E+00  .29014E+03  .35114E+03  .79003E-01  .15020E-02  .20125E+03  .15801E-03  .00000E+00
  .00000E+00  .29014E+03  .35114E+03  .79003E-01  .15020E-02  .20125E+03  .15801E-03  .00000E+00
  .00000E+00  .29014E+03  .35114E+03  .79003E-01  .15020E-02  .20125E+03  .15618E-03  .00000E+00
  .00000E+00  .29014E+03  .33492E+03  .75353E-01  .14326E-02  .20097E+03  .14888E-03  .00000E+00
  .00000E+00  .29014E+03  .30250E+03  .68054E-01  .12937E-02  .20044E+03  .13793E-03  .00000E+00
  .00000E+00  .29014E+03  .28629E+03  .64404E-01  .12243E-02  .20018E+03  .13063E-03  .00000E+00
  .00000E+00  .29014E+03  .28629E+03  .64404E-01  .12243E-02  .20018E+03  .12881E-03  .00000E+00
  .00000E+00  .29014E+03  .28629E+03  .64404E-01  .12243E-02  .20018E+03  .12881E-03  .00000E+00
  .00000E+00  .29014E+03  .28629E+03  .64404E-01  .12243E-02  .20018E+03  .12881E-03  .00000E+00
  .00000E+00  .29014E+03  .28629E+03  .64404E-01  .12243E-02  .20018E+03  .12881E-03  .00000E+00
  .00000E+00  .29014E+03  .28629E+03  .64404E-01  .12243E-02  .20018E+03  .12881E-03  .00000E+00
  .00000E+00  .29014E+03  .28629E+03  .64404E-01  .12243E-02  .20018E+03  .12881E-03  .00000E+00
  .00000E+00  .29014E+03  .28629E+03  .64404E-01  .12243E-02  .20018E+03  .12881E-03  .00000E+00
  .00000E+00  .29014E+03  .28629E+03  .64404E-01  .12243E-02  .20018E+03  .12939E-03  .00000E+00
  .00000E+00  .29014E+03  .29150E+03  .65576E-01  .12466E-02  .20026E+03  .13298E-03  .00000E+00
  .00000E+00  .29014E+03  .31292E+03  .70398E-01  .13383E-02  .20061E+03  .14145E-03  .00000E+00
  .00000E+00  .29014E+03  .34013E+03  .76525E-01  .14549E-02  .20106E+03  .15123E-03  .00000E+00
  .00000E+00  .29014E+03  .35114E+03  .79003E-01  .15020E-02  .20125E+03  .15677E-03  .00000E+00
  .00000E+00  .29014E+03  .35114E+03  .79003E-01  .15020E-02  .20125E+03  .15801E-03  .00000E+00
  .00000E+00  .29014E+03  .35114E+03  .79003E-01  .15020E-02  .20125E+03  .15801E-03  .00000E+00
  .00000E+00  .29014E+03  .35114E+03  .79003E-01  .15020E-02  .20125E+03  .15801E-03  .00000E+00
  .00000E+00  .29014E+03  .35114E+03  .79003E-01  .15020E-02  .20125E+03  .15801E-03  .00000E+00
  .00000E+00  .29014E+03  .35114E+03  .79003E-01  .15020E-02  .20125E+03  .15801E-03  .00000E+00
  .00000E+00  .29014E+03  .35114E+03  .79003E-01  .15020E-02  .20125E+03  .15801E-03  .00000E+00
  .00000E+00  .29014E+03  .35114E+03  .79003E-01  .15020E-02  .20125E+03  .15801E-03  .00000E+00
  .00000E+00  .29014E+03  .35114E+03  .79003E-01  .15020E-02  .20125E+03  .15801E-03  .00000E+00
  .00000E+00  .29014E+03  .35114E+03  .79003E-01  .15020E-02  .20125E+03  .15801E-03  .00000E+00
  .00000E+00  .29014E+03  .35114E+03  .79003E-01  .15020E-02  .20125E+03  .15801E-03  .00000E+00
  .00000E+00  .29014E+03  .35114E+03  .79003E-01  .15020E-02  .20125E+03  .15801E-03  .00000E+00
  .00000E+00  .29014E+03  .35114E+03  .79003E-01  .15020E-02  .20125E+03  .15801E-03  .00000E+00
  .00000E+00  .29014E+03  .35114E+03  .79003E-01  .15020E-02  .20125E+03  .15801E-03  .00000E+00
  .00000E+00  .29014E+03  .35114E+03  .79003E-01  .15020E-02  .20125E+03  .15801E-03  .00000E+00
  .00000E+00  .29014E+03  .35114E+03  .79003E-01  .15020E-02  .20125E+03  .15801E-03  .00000E+00
  .00000E+00  .29014E+03  .35114E+03  .79003E-01  .15020E-02  .20125E+03  .15801E-03  .00000E+00
  .00000E+00  .29014E+03  .35114E+03  .79003E-01  .15020E-02  .20125E+03  .15801E-03  .00000E+00
  .00000E+00  .29014E+03  .35114E+03  .79003E-01  .15020E-02  .20125E+03  .15801E-03  .00000E+00
  .00000E+00  .29014E+03  .35114E+03  .79003E-01  .15020E-02  .20125E+03  .15801E-03  .00000E+00
  .00000E+00  .29014E+03  .35114E+03  .79003E-01  .15020E-02  .20125E+03  .15801E-03  .00000E+00
  .00000E+00  .29014E+03  .35114E+03  .79003E-01  .15020E-02  .20125E+03  .15801E-03  .00000E+00
  .00000E+00  .29014E+03  .35114E+03  .79003E-01  .15020E-02  .20125E+03  .15801E-03  .00000E+00
  .00000E+00  .29014E+03  .35114E+03  .79003E-01  .15020E-02  .20125E+03  .15801E-03  .00000E+00
  .00000E+00  .29014E+03  .35114E+03  .79003E-01  .15020E-02  .20125E+03  .15801E-03  .00000E+00
  .00000E+00  .29014E+03  .35114E+03  .79003E-01  .15020E-02  .20125E+03  .15801E-03  .00000E+00
  .00000E+00  .29014E+03  .35114E+03  .79003E-01  .15020E-02  .20125E+03  .15801E-03  .00000E+00
  .00000E+00  .29014E+03  .35114E+03  .79003E-01  .15020E-02  .20125E+03  .15801E-03  .00000E+00
  .00000E+00  .29014E+03  .35114E+03  .79003E-01  .15020E-02  .20125E+03  .15801E-03  .00000E+00
  .00000E+00  .29014E+03  .35114E+03  .79003E-01  .15020E-02  .20125E+03  .15801E-03  .00000E+00
  .00000E+00  .29014E+03  .35114E+03  .79003E-01  .15020E-02  .20125E+03  .15801E-03  .00000E+00
  .00000E+00  .29014E+03  .35114E+03  .79003E-01  .15020E-02  .20125E+03  .15801E-03  .00000E+00
  .00000E+00  .29014E+03  .35114E+03  .79003E-01  .15020E-02  .20125E+03  .15801E-03  .00000E+00
  .00000E+00  .29014E+03  .35114E+03  .79003E-01  .15020E-02  .20125E+03  .15801E-03  .00000E+00
  .00000E+00  .29014E+03  .35114E+03  .79003E-01  .15020E-02  .20125E+03  .15801E-03  .00000E+00
  .00000E+00  .29014E+03  .35114E+03  .79003E-01  .15020E-02  .20125E+03  .15801E-03  .00000E+00
  .00000E+00  .29014E+03  .35114E+03  .79003E-01  .15020E-02  .20125E+03  .15801E-03  .00000E+00
  .00000E+00  .29014E+03  .35114E+03  .79003E-01  .15020E-02  .20125E+03  .15801E-03  .00000E+00
  .00000E+00  .29014E+03  .35114E+03  .79003E-01  .15020E-02  .20125E+03  .15801E-03  .00000E+00
  .00000E+00  .29014E+03  .35114E+03  .79003E-01  .15020E-02  .20125E+03  .15801E-03  .00000E+00
  .00000E+00  .29014E+03  .35114E+03  .79003E-01  .15020E-02  .20125E+03  .15801E-03  .00000E+00
  .00000E+00  .29014E+03  .35114E+03  .79003E-01  .15020E-02  .20125E+03  .15801E-03  .00000E+00
  .00000E+00  .29014E+03  .35114E+03  .79003E-01  .15020E-02  .20125E+03  .15801E-03  .00000E+00
  .00000E+00  .29014E+03  .35114E+03  .79003E-01  .15020E-02  .20125E+03  .15801E-03  .00000E+00
  .00000E+00  .29014E+03  .35114E+03  .79003E-01  .15020E-02  .20125E+03  .15801E-03  .00000E+00
  .00000E+00  .29014E+03  .35114E+03  .79003E-01  .15020E-02  .20125E+03  .15801E-03  .00000E+00
  .00000E+00  .29014E+03  .35114E+03  .79003E-01  .15020E-02  .20125E+03  .15801E-03  .00000E+00
  .00000E+00  .29014E+03  .35114E+03  .79003E-01  .15020E-02  .20125E+03  .15801E-03  .00000E+00
  .00000E+00  .29014E+03  .35114E+03  .79003E-01  .15020E-02  .20125E+03  .15801E-03  .00000E+00
  .00000E+00  .29014E+03  .35114E+03  .79003E-01  .15020E-02  .20125E+03  .15801E-03  .00000E+00
  .00000E+00  .29014E+03  .35114E+03  .79003E-01  .15020E-02  .20125E+03  .15801E-03  .00000E+00
  .00000E+00  .29014E+03  .35114E+03  .79003E-01  .15020E-02  .20125E+03  .15801E-03  .00000E+00
  .00000E+00  .29014E+03  .35114E+03  .79003E-01  .15020E-02  .20125E+03  .15801E-03  .00000E+00
  .00000E+00  .29014E+03  .35114E+03  .79003E-01  .15020E-02  .20125E+03  .15801E-03  .00000E+00
  .00000E+00  .29014E+03  .35114E+03  .79003E-01  .15020E-02  .20125E+03  .15801E-03  .00000E+00
  .00000E+00  .29014E+03  .35114E+03  .79003E-01  .15020E-02  .20125E+03  .15801E-03  .00000E+00
  .00000E+00  .29014E+03  .35114E+03  .79003E-01  .15020E-02  .20125E+03  .15801E-03  .00000E+00
  .00000E+00  .29014E+03  .35114E+03  .79003E-01  .15020E-02  .20125E+03  .15801E-03  .00000E+00
  .00000E+00  .29014E+03  .35114E+03  .79003E-01  .15020E-02  .20125E+03  .15801E-03  .00000E+00
  .00000E+00  .29014E+03  .35114E+03  .79003E-01  .15020E-02  .20125E+03  .15801E-03  .00000E+00
  .00000E+00  .29014E+03  .35114E+03  .79003E-01  .15020E-02  .20125E+03  .15801E-03  .00000E+00
  .00000E+00  .29014E+03  .35114E+03  .79003E-01  .15020E-02  .20125E+03  .15801E-03  .00000E+00
  .00000E+00  .29014E+03  .35114E+03  .79003E-01  .15020E-02  .20125E+03  .15801E-03  .00000E+00
  .00000E+00  .29014E+03  .35114E+03  .79003E-01  .15020E-02  .20125E+03  .15801E-03  .00000E+00
  .00000E+00  .29014E+03  .35114E+03  .79003E-01  .15020E-02  .20125E+03  .15801E-03  .00000E+00
  .00000E+00  .29014E+03  .35114E+03  .79003E-01  .15020E-02  .20125E+03  .15801E-03  .00000E+00
  .00000E+00  .29014E+03  .35114E+03  .79003E-01  .15020E-02  .20125E+03  .15801E-03  .00000E+00
  .00000E+00  .29014E+03  .35114E+03  .79003E-01  .15020E-02  .20125E+03  .15801E-03  .00000E+00
  .00000E+00  .29014E+03  .35114E+03  .79003E-01  .15020E-02  .20125E+03  .15801E-03  .00000E+00
  .00000E+00  .29014E+03  .35114E+03  .79003E-01  .15020E-02  .20125E+03  .15801E-03  .00000E+00
  .00000E+00  .29014E+03  .35114E+03  .79003E-01  .15020E-02  .20125E+03  .15801E-03  .00000E+00
  .00000E+00  .29014E+03  .35114E+03  .79003E-01  .15020E-02  .20125E+03  .15801E-03  .00000E+00
  .00000E+00  .29014E+03  .35114E+03  .79003E-01  .15020E-02  .20125E+03  .15801E-03  .00000E+00
  .00000E+00  .29014E+03  .35114E+03  .79003E-01  .15020E-02  .20125E+03  .15801E-03  .00000E+00
  .00000E+00  .29014E+03  .35114E+03  .79003E-01  .15020E-02  .20125E+03  .15801E-03  .00000E+00
  .00000E+00  .29014E+03  .35114E+03  .79003E-01  .15020E-02  .20125E+03  .15801E-03  .00000E+00
  .00000E+00  .29014E+03  .35114E+03  .79003E-01  .15020E-02  .20125E+03  .15801E-03  .00000E+00
  .00000E+00  .29014E+03  .35114E+03  .79003E-01  .15020E-02  .20125E+03  .15801E-03  .00000E+00
  .00000E+00  .29014E+03  .35114E+03  .79003E-01  .15020E-02  .20125E+03  .15801E-03  .00000E+00
  .00000E+00  .29014E+03  .35114E+03  .79003E-01  .15020E-02  .20125E+03  .15801E-03  .00000E+00
  .00000E+00  .29014E+03  .35114E+03  .79003E-01  .15020E-02  .20125E+03  .15801E-03  .00000E+00
  .00000E+00  .29014E+03  .35114E+03  .79003E-01  .15020E-02  .20125E+03  .15801E-03  .00000E+00
  .00000E+00  .29014E+03  .35114E+03  .79003E-01  .15020E-02  .20125E+03  .15801E-03  .00000E+00
  .00000E+00  .29014E+03  .35114E+03  .79003E-01  .15020E-02  .20125E+03  .15801E-03  .00000E+00
  .00000E+00  .29014E+03  .35114E+03  .79003E-01  .15020E-02  .20125E+03  .15801E-03  .00000E+00
  .00000E+00  .29014E+03  .35114E+03  .79003E-01  .15020E-02  .20125E+03  .15801E-03  .00000E+00
  .00000E+00  .29014E+03  .35114E+03  .79003E-01  .15020E-02  .20125E+03  .15801E-03  .00000E+00
  .00000E+00  .29014E+03  .35114E+03  .79003E-01  .15020E-02  .20125E+03  .15801E-03  .00000E+00
  .00000E+00  .29014E+03  .35114E+03  .79003E-01  .15020E-02  .20125E+03  .15801E-03  .00000E+00
  .00000E+00  .29014E+03  .35114E+03  .79003E-01  .15020E-02  .20125E+03  .15801E-03  .00000E+00
  .00000E+00  .29014E+03  .35114E+03  .79003E-01  .15020E-02  .20125E+03  .15801E-03  .00000E+00
  .00000E+00  .29014E+03  .35114E+03  .79003E-01  .15020E-02  .20125E+03  .15801E-03  .00000E+00
  .00000E+00  .29014E+03  .35114E+03  .79003E-01  .15020E-02  .20125E+03  .15801E-03  .00000E+00
  .00000E+00  .29014E+03  .35114E+03  .79003E-01  .15020E-02  .20125E+03  .15801E-03  .00000E+00
  .00000E+00  .29014E+03  .35114E+03  .79003E-01  .15020E-02  .20125E+03  .15801E-03  .00000E+00
  .00000E+00  .29014E+03  .35114E+03  .79003E-01  .15020E-02  .20125E+03  .15801E-03  .00000E+00
  .00000E+00  .29014E+03  .35114E+03  .79003E-01  .15020E-02  .20125E+03  .15801E-03  .00000E+00
  .00000E+00  .29014E+03  .35114E+03  .79003E-01  .15020E-02  .20125E+03  .15801E-03  .00000E+00
  .00000E+00  .29014E+03  .35114E+03  .79003E-01  .15020E-02  .20125E+03  .15801E-03  .00000E+00
  .00000E+00  .29014E+03  .35114E+03  .79003E-01  .15020E-02  .20125E+03  .15801E-03  .00000E+00
  .00000E+00  .29014E+03  .35114E+03  .79003E-01  .15020E-02  .20125E+03  .15801E-03  .00000E+00
  .00000E+00  .29014E+03  .35114E+03  .79003E-01  .15020E-02  .20125E+03  .15801E-03  .00000E+00
  .00000E+00  .29014E+03  .35114E+03  .79003E-01  .15020E-02  .20125E+03  .15801E-03  .00000E+00
  .00000E+00  .29014E+03  .35114E+03  .79003E-01  .15020E-02  .20125E+03  .15801E-03  .00000E+00
  .00000E+00  .29014E+03  .35114E+03  .79003E-01  .15020E-02  .20125E+03  .15801E-03  .00000E+00
  .00000E+00  .29014E+03  .35114E+03  .79003E-01  .15020E-02  .20125E+03  .15801E-03  .00000E+00
  .00000E+00  .29014E+03  .35114E+03  .79003E-01  .15020E-02  .20125E+03  .15801E-03  .00000E+00
  .00000E+00  .29014E+03  .35114E+03  .79003E-01  .15020E-02  .20125E+03  .15801E-03  .00000E+00
  .00000E+00  .29014E+03  .35114E+03  .79003E-01  .15020E-02  .20125E+03  .15801E-03  .00000E+00
  .00000E+00  .29014E+03  .35114E+03  .79003E-01  .15020E-02  .20125E+03  .15801E-03  .00000E+00
  .00000E+00  .29014E+03  .35114E+03  .79003E-01  .15020E-02  .20125E+03  .15801E-03  .00000E+00
  .00000E+00  .29014E+03  .35114E+03  .79003E-01  .15020E-02  .20125E+03  .15801E-03  .00000E+00
  .00000E+00  .29014E+03  .35114E+03  .79003E-01  .15020E-02  .20125E+03  .15801E-03  .00000E+00
  .00000E+00  .29014E+03  .35114E+03  .79003E-01  .15020E-02  .20125E+03  .15801E-03  .00000E+00
  .00000E+00  .29014E+03  .35114E+03  .79003E-01  .15020E-02  .20125E+03  .15801E-03  .00000E+00
  .00000E+00  .29014E+03  .35114E+03  .79003E-01  .15020E-02  .20125E+03  .15801E-03  .00000E+00
  .00000E+00  .29014E+03  .35114E+03  .79003E-01  .15020E-02  .20125E+03  .15801E-03  .00000E+00
  .00000E+00  .29014E+03  .35114E+03  .79003E-01  .15020E-02  .20125E+03  .15801E-03  .00000E+00
  .00000E+00  .29014E+03  .35114E+03  .79003E-01  .15020E-02  .20125E+03  .15801E-03  .00000E+00
  .00000E+00  .29014E+03  .35114E+03  .79003E-01  .15020E-02  .20125E+03  .15801E-03  .00000E+00
  .00000E+00  .29014E+03  .35114E+03  .79003E-01  .15020E-02  .20125E+03  .15801E-03  .00000E+00
  .00000E+00  .29014E+03  .35114E+03  .79003E-01  .15020E-02  .20125E+03  .15801E-03  .00000E+00
  .00000E+00  .29014E+03  .35114E+03  .79003E-01  .15020E-02  .20125E+03  .15801E-03  .00000E+00
  .00000E+00  .29014E+03  .35114E+03  .79003E-01  .15020E-02  .20125E+03  .15801E-03  .00000E+00
  .00000E+00  .29014E+03  .35114E+03  .79003E-01  .15020E-02  .20125E+03  .15801E-03  .00000E+00
  .00000E+00  .29014E+03  .35114E+03  .79003E-01  .15020E-02  .20125E+03  .15801E-03  .00000E+00
  .00000E+00  .29014E+03  .35114E+03  .79003E-01  .15020E-02  .20125E+03  .15801E-03  .00000E+00
  .00000E+00  .29014E+03  .35114E+03  .79003E-01  .15020E-02  .20125E+03  .15801E-03  .00000E+00
  .00000E+00  .29014E+03  .35114E+03  .79003E-01  .15020E-02  .20125E+03  .15801E-03  .00000E+00
  .00000E+00  .29014E+03  .35114E+03  .79003E-01  .15020E-02  .20125E+03  .15801E-03  .00000E+00
  .00000E+00  .29014E+03  .35114E+03  .79003E-01  .15020E-02  .20125E+03  .15801E-03  .00000E+00
  .00000E+00  .29014E+03  .35114E+03  .79003E-01  .15020E-02  .20125E+03  .15801E-03  .00000E+00
  .00000E+00  .29014E+03  .35114E+03  .79003E-01  .15020E-02  .20125E+03  .15801E-03  .00000E+00
  .00000E+00  .29014E+03  .35114E+03  .79003E-01  .15020E-02  .20125E+03  .15801E-03  .00000E+00
  .00000E+00  .29014E+03  .35114E+03  .79003E-01  .15020E-02  .20125E+03  .15801E-03  .00000E+00
  .00000E+00  .29014E+03  .35114E+03  .79003E-01  .15020E-02  .20125E+03  .15801E-03  .00000E+00
  .00000E+00  .29014E+03  .35114E+03  .79003E-01  .15020E-02  .20125E+03  .15801E-03  .00000E+00
  .00000E+00  .29014E+03  .35114E+03  .79003E-01  .15020E-02  .20125E+03  .15801E-03  .00000E+00
  .00000E+00  .29014E+03  .35114E+03  .79003E-01  .15020E-02  .20125E+03  .15801E-03  .00000E+00
  .00000E+00  .29014E+03  .35114E+03  .79003E-01  .15020E-02  .20125E+03  .15801E-03  .00000E+00
  .00000E+00  .29014E+03  .35114E+03  .79003E-01  .15020E-02  .20125E+03  .15801E-03  .00000E+00
  .00000E+00  .29014E+03  .35114E+03  .79003E-01  .15020E-02  .20125E+03  .15801E-03  .00000E+00
  .00000E+00  .29014E+03  .35114E+03  .79003E-01  .15020E-02  .20125E+03  .15801E-03  .00000E+00
  .00000E+00  .29014E+03  .35114E+03  .79003E-01  .15020E-02  .20125E+03  .15801E-03  .00000E+00
  .00000E+00  .29014E+03  .35114E+03  .79003E-01  .15020E-02  .20125E+03  .15801E-03  .00000E+00
  .00000E+00  .29014E+03  .35114E+03  .79003E-01  .15020E-02  .20125E+03  .15801E-03  .00000E+00
  .00000E+00  .29014E+03  .35114E+03  .79003E-01  .15020E-02  .20125E+03  .15801E-03  .00000E+00
  .00000E+00  .29014E+03  .35114E+03  .79003E-01  .15020E-02  .20125E+03  .15801E-03  .00000E+00
  .00000E+00  .29014E+03  .35114E+03  .79003E-01  .15020E-02  .20125E+03  .15801E-03  .00000E+00
  .00000E+00  .29014E+03  .35114E+03  .79003E-01  .15020E-02  .20125E+03  .15801E-03  .00000E+00
  .00000E+00  .29014E+03  .35114E+03  .79003E-01  .15020E-02  .20125E+03  .15801E-03  .00000E+00
  .00000E+00  .29014E+03  .35114E+03  .79003E-01  .15020E-02  .20125E+03  .15801E-03  .00000E+00
  .00000E+00  .29014E+03  .35114E+03  .79003E-01  .15020E-02  .20125E+03  .15801E-03  .00000E+00
  .00000E+00  .29014E+03  .35114E+03  .79003E-01  .15020E-02  .20125E+03  .15801E-03  .00000E+00
  .00000E+00  .29014E+03  .35114E+03  .79003E-01  .15020E-02  .20125E+03  .15801E-03  .00000E+00
 -.34967E-04  .28974E+03  .50000E+01  .26984E-01  .51652E-01  .77857E+02  .53969E-04  .10600E+00
  .36623E-04  .28974E+03  .50000E+01  .26984E-01  .51652E-01  .77867E+02  .53968E-04 -.17513E+00
 -.38722E-04  .28974E+03  .50000E+01  .26984E-01  .51651E-01  .77856E+02  .53968E-04  .25418E+00
  .41469E-04  .28974E+03  .50000E+01  .26985E-01  .51651E-01  .77868E+02  .53969E-04 -.34530E+00
 -.45169E-04  .28974E+03  .50000E+01  .26985E-01  .51651E-01  .77860E+02  .53971E-04  .45074E+00
  .50359E-04  .28974E+03  .50000E+01  .26986E-01  .51651E-01  .77873E+02  .53972E-04 -.57342E+00
 -.57902E-04  .28974E+03  .50000E+01  .26987E-01  .51651E-01  .77865E+02  .53973E-04  .71478E+00
  .72249E-04  .28974E+03  .50000E+01  .26987E-01  .51652E-01  .77878E+02  .53974E-04 -.86500E+00
 -.63307E-04  .28974E+03  .50000E+01  .26987E-01  .51652E-01  .77869E+02  .53975E-04  .11082E+01
  .40016E-03  .28975E+03  .50000E+01  .26988E-01  .51653E-01  .77880E+02  .53975E-04 -.39884E-01
  .16161E-02  .28974E+03  .50000E+01  .26988E-01  .51653E-01  .77870E+02  .53975E-04  .85550E+01
  .10409E-01  .28975E+03  .50000E+01  .26988E-01  .51653E-01  .77880E+02  .53975E-04  .71820E+02
  .32921E-01  .28974E+03  .50000E+01  .26988E-01  .51654E-01  .77869E+02  .53975E-04  .54420E+03
  .42682E-01  .28975E+03  .50000E+01  .26988E-01  .51654E-01  .77879E+02  .53975E-04  .78960E+03
  .38137E-01  .28974E+03  .50000E+01  .26988E-01  .51654E-01  .77869E+02  .53975E-04  .85523E+03
  .17394E-01  .28975E+03  .50000E+01  .26988E-01  .51654E-01  .77879E+02  .53975E-04  .50575E+03
  .72677E-02  .28974E+03  .50000E+01  .26988E-01  .51654E-01  .77869E+02  .53975E-04  .34480E+03
  .36802E-02  .28975E+03  .50000E+01  .26988E-01  .51654E-01  .77879E+02  .53975E-04  .30419E+03
  .18001E-02  .28974E+03  .50000E+01  .26988E-01  .51654E-01  .77869E+02  .53975E-04  .25326E+03
  .11575E-02  .28975E+03  .50000E+01  .26988E-01  .51654E-01  .77879E+02  .53975E-04  .23278E+03
  .73265E-03  .28974E+03  .50000E+01  .26988E-01  .51654E-01  .77869E+02  .53975E-04  .20135E+03
  .64832E-03  .28975E+03  .50000E+01  .26988E-01  .51654E-01  .77878E+02  .53975E-04  .18777E+03
  .50058E-03  .28974E+03  .50000E+01  .26988E-01  .51654E-01  .77868E+02  .53975E-04  .16396E+03
  .51754E-03  .28975E+03  .50000E+01  .26988E-01  .51654E-01  .77878E+02  .53975E-04  .15258E+03
  .43946E-03  .28974E+03  .50000E+01  .26988E-01  .51654E-01  .77868E+02  .53976E-04  .13162E+03
  .48801E-03  .28975E+03  .50000E+01  .26988E-01  .51654E-01  .77878E+02  .53976E-04  .12058E+03
  .44379E-03  .28974E+03  .50000E+01  .26988E-01  .51654E-01  .77868E+02  .53976E-04  .10096E+03
  .51508E-03  .28975E+03  .50000E+01  .26988E-01  .51654E-01  .77878E+02  .53976E-04  .90123E+02
  .49828E-03  .28974E+03  .50000E+01  .26988E-01  .51654E-01  .77869E+02  .53976E-04  .71810E+02
  .58961E-03  .28975E+03  .50000E+01  .26988E-01  .51654E-01  .77879E+02  .53976E-04  .61913E+02
  .58942E-03  .28974E+03  .50000E+01  .26988E-01  .51654E-01  .77870E+02  .53976E-04  .45745E+02
  .68256E-03  .28975E+03  .50000E+01  .26988E-01  .51654E-01  .77880E+02  .53976E-04  .38056E+02
  .66993E-03  .28974E+03  .50000E+01  .26988E-01  .51654E-01  .77871E+02  .53977E-04  .25157E+02
  .73119E-03  .28975E+03  .50000E+01  .26988E-01  .51654E-01  .77880E+02  .53977E-04  .20679E+02
  .67317E-03  .28974E+03  .50000E+01  .26988E-01  .51654E-01  .77871E+02  .53977E-04  .11477E+02
  .67992E-03  .28975E+03  .50000E+01  .26988E-01  .51654E-01  .77880E+02  .53977E-04  .10156E+02
  .56938E-03  .28974E+03  .50000E+01  .26988E-01  .51654E-01  .77871E+02  .53976E-04  .39924E+01
  .53286E-03  .28975E+03  .50000E+01  .26988E-01  .51654E-01  .77880E+02  .53976E-04  .48733E+01
  .39579E-03  .28974E+03  .50000E+01  .26988E-01  .51654E-01  .77871E+02  .53976E-04  .59600E+00
  .35065E-03  .28975E+03  .50000E+01  .26988E-01  .51654E-01  .77879E+02  .53976E-04  .26186E+01
  .22203E-03  .28974E+03  .50000E+01  .26988E-01  .51654E-01  .77869E+02  .53975E-04 -.71114E+00
  .19730E-03  .28975E+03  .50000E+01  .26988E-01  .51654E-01  .77878E+02  .53975E-04  .17606E+01
  .96049E-04  .28974E+03  .50000E+01  .26987E-01  .51654E-01  .77868E+02  .53975E-04 -.11434E+01
  .10004E-03  .28975E+03  .50000E+01  .26987E-01  .51653E-01  .77876E+02  .53974E-04  .14501E+01
  .25372E-04  .28974E+03  .50000E+01  .26987E-01  .51653E-01  .77867E+02  .53974E-04 -.12585E+01
  .51371E-04  .28975E+03  .50000E+01  .26987E-01  .51653E-01  .77875E+02  .53973E-04  .13326E+01
 -.63603E-05  .28974E+03  .50000E+01  .26986E-01  .51653E-01  .77865E+02  .53973E-04 -.12708E+01
  .31657E-04  .28975E+03  .50000E+01  .26986E-01  .51653E-01  .77873E+02  .53972E-04  .12791E+01
 -.18007E-04  .28974E+03  .50000E+01  .26985E-01  .51653E-01  .77862E+02  .53970E-04 -.12543E+01
  .25077E-04  .28975E+03  .50000E+01  .26984E-01  .51653E-01  .77868E+02  .53969E-04  .12466E+01
 -.21558E-04  .28974E+03  .50000E+01  .26983E-01  .51653E-01  .77857E+02  .53967E-04 -.12320E+01
  .23246E-04  .28975E+03  .50000E+01  .26982E-01  .51652E-01  .77862E+02  .53964E-04  .12215E+01
 -.22472E-04  .28974E+03  .50000E+01  .26981E-01  .51651E-01  .77849E+02  .53961E-04 -.12100E+01
  .22822E-04  .28974E+03  .50000E+01  .26979E-01  .51650E-01  .77853E+02  .53959E-04  .11998E+01
 -.22678E-04  .28974E+03  .50000E+01  .26978E-01  .51649E-01  .77840E+02  .53956E-04 -.11897E+01
  .22745E-04  .28974E+03  .50000E+01  .26977E-01  .51648E-01  .77845E+02  .53954E-04  .11803E+01
 -.22726E-04  .28974E+03  .50000E+01  .26976E-01  .51647E-01  .77834E+02  .53952E-04 -.11712E+01
  .22742E-04  .28974E+03  .50000E+01  .26975E-01  .51646E-01  .77844E+02  .53950E-04  .11626E+01
 -.22746E-04  .28974E+03  .50000E+01  .26975E-01  .51645E-01  .77839E+02  .53950E-04 -.11543E+01
  .22756E-04  .28974E+03  .50000E+01  .26975E-01  .51645E-01  .77852E+02  .53950E-04  .11465E+01
 -.22763E-04  .28974E+03  .50000E+01  .26975E-01  .51644E-01  .77847E+02  .53950E-04 -.11390E+01
  .22773E-04  .28974E+03  .50000E+01  .26976E-01  .51645E-01  .77858E+02  .53951E-04  .11319E+01
 -.22783E-04  .28974E+03  .50000E+01  .26977E-01  .51645E-01  .77856E+02  .53953E-04 -.11250E+01
  .22793E-04  .28974E+03  .50000E+01  .26977E-01  .51645E-01  .77873E+02  .53955E-04  .11184E+01
 -.22803E-04  .28974E+03  .50000E+01  .26978E-01  .51646E-01  .77874E+02  .53957E-04 -.11122E+01
  .22814E-04  .28974E+03  .50000E+01  .26979E-01  .51647E-01  .77892E+02  .53958E-04  .11064E+01
 -.22824E-04  .28974E+03  .50000E+01  .26980E-01  .51648E-01  .77887E+02  .53959E-04 -.11006E+01
  .22834E-04  .28974E+03  .50000E+01  .26980E-01  .51649E-01  .77892E+02  .53960E-04  .10951E+01
 -.22844E-04  .28974E+03  .50000E+01  .26980E-01  .51649E-01  .77874E+02  .53960E-04 -.10897E+01
  .22854E-04  .28974E+03  .50000E+01  .26980E-01  .51650E-01  .77872E+02  .53960E-04  .10846E+01
 -.22864E-04  .28974E+03  .50000E+01  .26980E-01  .51651E-01  .77856E+02  .53960E-04 -.10798E+01
  .22874E-04  .28974E+03  .50000E+01  .26980E-01  .51651E-01  .77860E+02  .53960E-04  .10754E+01
 -.22884E-04  .28974E+03  .50000E+01  .26980E-01  .51651E-01  .77850E+02  .53961E-04 -.10712E+01
  .22895E-04  .28975E+03  .50000E+01  .26981E-01  .51651E-01  .77858E+02  .53961E-04  .10674E+01
 -.22905E-04  .28974E+03  .50000E+01  .26981E-01  .51651E-01  .77852E+02  .53962E-04 -.10639E+01
  .22916E-04  .28975E+03  .50000E+01  .26981E-01  .51651E-01  .77864E+02  .53962E-04  .10608E+01
 -.22929E-04  .28974E+03  .50000E+01  .26982E-01  .51651E-01  .77861E+02  .53964E-04 -.10580E+01
  .22945E-04  .28975E+03  .50000E+01  .26983E-01  .51650E-01  .77875E+02  .53968E-04  .10559E+01
 -.22968E-04  .28974E+03  .50000E+01  .26988E-01  .51649E-01  .77877E+02  .53980E-04 -.10543E+01
  .23005E-04  .28974E+03  .50000E+01  .27001E-01  .51644E-01  .77906E+02  .54011E-04  .10535E+01
 -.23069E-04  .28974E+03  .50000E+01  .27032E-01  .51632E-01  .77969E+02  .54084E-04 -.10533E+01
  .23175E-04  .28974E+03  .50000E+01  .27103E-01  .51594E-01  .78132E+02  .54280E-04  .10489E+01
 -.22696E-04  .28974E+03  .50000E+01  .27322E-01  .51402E-01  .78650E+02  .53162E-04 -.10088E+01
  .20392E-04  .28984E+03  .50000E+01  .24578E-01  .43564E-01  .76464E+02  .47712E-04  .88020E+00
 -.16941E-04  .29040E+03  .50000E+01  .18946E-01  .28273E-01  .67539E+02  .39651E-04 -.67308E+00
  .15053E-04  .29048E+03  .50000E+01  .16831E-01  .20334E-01  .58819E+02  .35342E-04  .47629E+00
 -.15499E-04  .29045E+03  .50000E+01  .18076E-01  .19428E-01  .57148E+02  .36270E-04 -.41257E+00
  .16918E-04  .29041E+03  .50000E+01  .19556E-01  .18083E-01  .59763E+02  .39294E-04  .43359E+00
 -.18728E-04  .29036E+03  .50000E+01  .21401E-01  .16387E-01  .64405E+02  .42925E-04 -.46950E+00
  .20534E-04  .29031E+03  .50000E+01  .23493E-01  .14316E-01  .70353E+02  .46946E-04  .49467E+00
 -.22897E-04  .29027E+03  .50000E+01  .25507E-01  .11822E-01  .76639E+02  .50847E-04 -.52368E+00
  .24019E-04  .29023E+03  .69191E+01  .27188E-01  .90305E-02  .82607E+02  .54243E-04  .54110E+00
 -.25730E-04  .29019E+03  .11111E+02  .28602E-01  .62231E-02  .88033E+02  .56954E-04 -.56009E+00
  .27187E-04  .29016E+03  .19788E+02  .29514E-01  .37202E-02  .92422E+02  .61209E-04  .70438E+00
 -.31734E-04  .29009E+03  .20135E+02  .34788E-01  .50779E-02  .98960E+02  .72015E-04 -.95360E+00
  .38706E-04  .28974E+03  .12205E+02  .44941E-01  .13964E-01  .11250E+03  .87199E-04  .11420E+01
 -.41934E-04  .28942E+03  .82897E+01  .49728E-01  .25145E-01  .12712E+03  .96336E-04 -.12163E+01
  .42377E-04  .28937E+03  .60847E+01  .48274E-01  .32278E-01  .13548E+03  .96189E-04  .12418E+01
 -.39893E-04  .28941E+03  .50000E+01  .46102E-01  .36558E-01  .13835E+03  .92681E-04 -.12044E+01
  .38835E-04  .28945E+03  .50000E+01  .44883E-01  .40152E-01  .13907E+03  .90598E-04  .11584E+01
 -.37722E-04  .28949E+03  .50000E+01  .45328E-01  .43170E-01  .14108E+03  .91092E-04 -.11301E+01
  .37527E-04  .28953E+03  .50000E+01  .46644E-01  .45612E-01  .14566E+03  .93081E-04  .11043E+01
 -.36741E-04  .28957E+03  .50000E+01  .47547E-01  .47508E-01  .14977E+03  .94141E-04 -.10833E+01
  .35053E-04  .28958E+03  .50000E+01  .46545E-01  .47934E-01  .14598E+03  .92202E-04  .10611E+01
 -.33469E-04  .28961E+03  .50000E+01  .43767E-01  .46940E-01  .13030E+03  .87632E-04 -.10418E+01
  .31589E-04  .28962E+03  .50000E+01  .41184E-01  .46506E-01  .11267E+03  .82625E-04  .10236E+01
 -.29863E-04  .28962E+03  .50000E+01  .39113E-01  .46847E-01  .99123E+02  .78152E-04 -.10090E+01
  .28067E-04  .28963E+03  .50000E+01  .36894E-01  .47177E-01  .87449E+02  .73726E-04  .99588E+00
 -.26247E-04  .28964E+03  .50000E+01  .34552E-01  .47530E-01  .76958E+02  .69074E-04 -.98189E+00
  .24393E-04  .28965E+03  .50000E+01  .32150E-01  .47905E-01  .68237E+02  .64299E-04  .96664E+00
 -.22573E-04  .28966E+03  .50000E+01  .29745E-01  .48290E-01  .61263E+02  .59482E-04 -.95253E+00
  .20771E-04  .28967E+03  .50000E+01  .27324E-01  .48667E-01  .55369E+02  .54593E-04  .94049E+00
 -.19021E-04  .28968E+03  .50000E+01  .24793E-01  .49015E-01  .50243E+02  .49459E-04 -.93057E+00
  .17175E-04  .28969E+03  .50000E+01  .22008E-01  .49316E-01  .46121E+02  .43834E-04  .92230E+00
 -.15114E-04  .28970E+03  .50000E+01  .18859E-01  .49557E-01  .43117E+02  .37513E-04 -.91533E+00
  .12673E-04  .28971E+03  .50000E+01  .15301E-01  .49729E-01  .41167E+02  .30394E-04  .90951E+00
 -.97404E-05  .28971E+03  .50000E+01  .11328E-01  .49820E-01  .40367E+02  .22515E-04 -.90492E+00
  .67310E-05  .28972E+03  .50000E+01  .70726E-02  .49818E-01  .41626E+02  .15003E-04  .90131E+00
 -.52880E-05  .28972E+03  .50000E+01  .45326E-02  .49790E-01  .46974E+02  .11417E-04 -.89846E+00
  .73671E-05  .28972E+03  .50000E+01  .66962E-02  .49855E-01  .59474E+02  .15522E-04  .89615E+00
 -.12910E-04  .28972E+03  .50000E+01  .13119E-01  .49999E-01  .74640E+02  .26834E-04 -.89390E+00
  .19663E-04  .28971E+03  .50000E+01  .20734E-01  .50143E-01  .90312E+02  .40834E-04  .89129E+00
 -.25337E-04  .28971E+03  .50000E+01  .27081E-01  .50277E-01  .10652E+03  .53144E-04 -.88809E+00
  .28791E-04  .28971E+03  .50000E+01  .31392E-01  .51542E-01  .12138E+03  .61363E-04  .88452E+00
 -.29540E-04  .28965E+03  .50000E+01  .32862E-01  .52831E-01  .13020E+03  .64104E-04 -.88086E+00
  .27974E-04  .28972E+03  .50000E+01  .31093E-01  .51903E-01  .11260E+03  .61777E-04  .87761E+00
 -.25599E-04  .28973E+03  .50000E+01  .28506E-01  .50966E-01  .91257E+02  .57421E-04 -.87481E+00
  .23701E-04  .28973E+03  .50000E+01  .26737E-01  .51132E-01  .83394E+02  .53878E-04  .87249E+00
 -.22635E-04  .28974E+03  .50000E+01  .25775E-01  .51295E-01  .79099E+02  .51984E-04 -.87034E+00
  .22318E-04  .28974E+03  .50000E+01  .25680E-01  .51448E-01  .76731E+02  .51594E-04  .86837E+00
 -.22468E-04  .28974E+03  .50000E+01  .26053E-01  .51574E-01  .74940E+02  .52102E-04 -.86628E+00
  .22712E-04  .28975E+03  .50000E+01  .26418E-01  .51657E-01  .73603E+02  .52702E-04  .86424E+00
 -.22794E-04  .28975E+03  .50000E+01  .26515E-01  .51695E-01  .72207E+02  .52823E-04 -.86207E+00
  .22589E-04  .28975E+03  .50000E+01  .26198E-01  .51681E-01  .71031E+02  .52180E-04  .85998E+00
 -.22124E-04  .28975E+03  .50000E+01  .25449E-01  .51615E-01  .70388E+02  .50882E-04 -.85782E+00
  .21618E-04  .28974E+03  .50000E+01  .24667E-01  .51529E-01  .70873E+02  .49561E-04  .85589E+00
 -.21337E-04  .28974E+03  .50000E+01  .24338E-01  .51471E-01  .71921E+02  .48879E-04 -.85409E+00
  .21323E-04  .28974E+03  .50000E+01  .24415E-01  .51460E-01  .72819E+02  .48889E-04  .85258E+00
 -.21448E-04  .28974E+03  .50000E+01  .24609E-01  .51480E-01  .73060E+02  .49225E-04 -.85063E+00
  .21607E-04  .28974E+03  .50000E+01  .24817E-01  .51511E-01  .73042E+02  .49631E-04  .84861E+00
 -.21763E-04  .28974E+03  .50000E+01  .25018E-01  .51539E-01  .72881E+02  .50007E-04 -.84677E+00
  .21877E-04  .28974E+03  .50000E+01  .25160E-01  .51555E-01  .72840E+02  .50274E-04  .84505E+00
 -.21928E-04  .28974E+03  .50000E+01  .25210E-01  .51553E-01  .72903E+02  .50387E-04 -.84294E+00
  .21932E-04  .28974E+03  .50000E+01  .25194E-01  .51539E-01  .73262E+02  .50393E-04  .84099E+00
 -.21943E-04  .28974E+03  .50000E+01  .25188E-01  .51521E-01  .73793E+02  .50409E-04 -.83899E+00
  .22002E-04  .28974E+03  .50000E+01  .25250E-01  .51507E-01  .74486E+02  .50537E-04  .83712E+00
 -.22124E-04  .28974E+03  .50000E+01  .25386E-01  .51503E-01  .75102E+02  .50799E-04 -.83513E+00
  .22296E-04  .28974E+03  .50000E+01  .25576E-01  .51508E-01  .75687E+02  .51171E-04  .83324E+00
 -.22507E-04  .28974E+03  .50000E+01  .25804E-01  .51520E-01  .76158E+02  .51619E-04 -.83123E+00
  .22743E-04  .28974E+03  .50000E+01  .26054E-01  .51539E-01  .76593E+02  .52103E-04  .82937E+00
 -.22967E-04  .28974E+03  .50000E+01  .26294E-01  .51564E-01  .76840E+02  .52567E-04 -.82743E+00
  .23151E-04  .28974E+03  .50000E+01  .26491E-01  .51587E-01  .77016E+02  .52955E-04  .82551E+00
 -.23288E-04  .28974E+03  .50000E+01  .26632E-01  .51605E-01  .77111E+02  .53240E-04 -.82353E+00
  .23382E-04  .28974E+03  .50000E+01  .26724E-01  .51616E-01  .77250E+02  .53433E-04  .82157E+00
 -.23448E-04  .28974E+03  .50000E+01  .26785E-01  .51621E-01  .77359E+02  .53561E-04 -.81958E+00
  .23498E-04  .28974E+03  .50000E+01  .26828E-01  .51623E-01  .77510E+02  .53652E-04  .81749E+00
 -.23540E-04  .28974E+03  .50000E+01  .26863E-01  .51624E-01  .77613E+02  .53723E-04 -.81539E+00
  .23576E-04  .28974E+03  .50000E+01  .26892E-01  .51624E-01  .77736E+02  .53781E-04  .81325E+00
 -.23607E-04  .28974E+03  .50000E+01  .26914E-01  .51625E-01  .77794E+02  .53826E-04 -.81119E+00
  .23633E-04  .28974E+03  .50000E+01  .26932E-01  .51626E-01  .77861E+02  .53861E-04  .80915E+00
 -.23655E-04  .28974E+03  .50000E+01  .26944E-01  .51628E-01  .77870E+02  .53886E-04 -.80724E+00
  .23673E-04  .28974E+03  .50000E+01  .26953E-01  .51631E-01  .77901E+02  .53904E-04  .80509E+00
 -.23690E-04  .28974E+03  .50000E+01  .26959E-01  .51634E-01  .77889E+02  .53918E-04 -.80293E+00
  .23705E-04  .28974E+03  .50000E+01  .26964E-01  .51636E-01  .77908E+02  .53927E-04  .80068E+00
 -.23720E-04  .28974E+03  .50000E+01  .26968E-01  .51637E-01  .77893E+02  .53935E-04 -.79851E+00
  .23733E-04  .28974E+03  .50000E+01  .26970E-01  .51638E-01  .77911E+02  .53940E-04  .79622E+00
 -.23747E-04  .28974E+03  .50000E+01  .26972E-01  .51639E-01  .77895E+02  .53944E-04 -.79400E+00
  .23759E-04  .28974E+03  .50000E+01  .26974E-01  .51640E-01  .77909E+02  .53947E-04  .79167E+00
 -.23772E-04  .28974E+03  .50000E+01  .26975E-01  .51640E-01  .77890E+02  .53950E-04 -.78942E+00
  .23784E-04  .28974E+03  .50000E+01  .26976E-01  .51641E-01  .77904E+02  .53952E-04  .78705E+00
 -.23797E-04  .28974E+03  .50000E+01  .26977E-01  .51642E-01  .77889E+02  .53953E-04 -.78475E+00
  .23809E-04  .28974E+03  .50000E+01  .26977E-01  .51642E-01  .77909E+02  .53954E-04  .78233E+00
 -.23822E-04  .28974E+03  .50000E+01  .26977E-01  .51643E-01  .77901E+02  .53954E-04 -.77997E+00
  .23834E-04  .28974E+03  .50000E+01  .26977E-01  .51644E-01  .77922E+02  .53954E-04  .77749E+00
 -.23847E-04  .28974E+03  .50000E+01  .26977E-01  .51645E-01  .77908E+02  .53954E-04 -.77510E+00
  .23859E-04  .28974E+03  .50000E+01  .26977E-01  .51645E-01  .77919E+02  .53954E-04  .77259E+00
 -.23873E-04  .28974E+03  .50000E+01  .26977E-01  .51646E-01  .77894E+02  .53954E-04 -.77014E+00
  .23885E-04  .28974E+03  .50000E+01  .26977E-01  .51647E-01  .77896E+02  .53954E-04  .76757E+00
 -.23899E-04  .28974E+03  .50000E+01  .26977E-01  .51647E-01  .77869E+02  .53954E-04 -.76507E+00
  .23913E-04  .28974E+03  .50000E+01  .26977E-01  .51648E-01  .77875E+02  .53953E-04  .76244E+00
 -.23927E-04  .28974E+03  .50000E+01  .26977E-01  .51648E-01  .77854E+02  .53953E-04 -.75986E+00
  .23941E-04  .28974E+03  .50000E+01  .26976E-01  .51648E-01  .77865E+02  .53953E-04  .75717E+00
 -.23956E-04  .28974E+03  .50000E+01  .26976E-01  .51649E-01  .77848E+02  .53953E-04 -.75454E+00
  .23970E-04  .28974E+03  .50000E+01  .26976E-01  .51649E-01  .77860E+02  .53952E-04  .75178E+00
 -.23986E-04  .28974E+03  .50000E+01  .26976E-01  .51649E-01  .77844E+02  .53952E-04 -.74907E+00
  .24001E-04  .28974E+03  .50000E+01  .26976E-01  .51649E-01  .77857E+02  .53952E-04  .74623E+00
 -.24017E-04  .28974E+03  .50000E+01  .26976E-01  .51650E-01  .77842E+02  .53952E-04 -.74345E+00
  .24033E-04  .28974E+03  .50000E+01  .26976E-01  .51650E-01  .77855E+02  .53952E-04  .74053E+00
 -.24050E-04  .28974E+03  .50000E+01  .26976E-01  .51650E-01  .77841E+02  .53952E-04 -.73766E+00
  .24066E-04  .28974E+03  .50000E+01  .26976E-01  .51650E-01  .77854E+02  .53952E-04  .73465E+00
 -.24084E-04  .28974E+03  .50000E+01  .26976E-01  .51650E-01  .77840E+02  .53953E-04 -.73168E+00
  .24101E-04  .28974E+03  .50000E+01  .26976E-01  .51650E-01  .77853E+02  .53953E-04  .72857E+00
 -.24120E-04  .28974E+03  .50000E+01  .26976E-01  .51650E-01  .77840E+02  .53953E-04 -.72551E+00
  .24138E-04  .28974E+03  .50000E+01  .26976E-01  .51650E-01  .77853E+02  .53953E-04  .72229E+00
 -.24158E-04  .28974E+03  .50000E+01  .26976E-01  .51650E-01  .77840E+02  .53953E-04 -.71911E+00
  .24177E-04  .28974E+03  .50000E+01  .26976E-01  .51650E-01  .77853E+02  .53953E-04  .71578E+00
 -.24198E-04  .28974E+03  .50000E+01  .26977E-01  .51650E-01  .77840E+02  .53953E-04 -.71248E+00
  .24218E-04  .28974E+03  .50000E+01  .26977E-01  .51650E-01  .77853E+02  .53953E-04  .70902E+00
 -.24240E-04  .28974E+03  .50000E+01  .26977E-01  .51650E-01  .77841E+02  .53953E-04 -.70559E+00
  .24261E-04  .28974E+03  .50000E+01  .26977E-01  .51650E-01  .77853E+02  .53953E-04  .70199E+00
 -.24284E-04  .28974E+03  .50000E+01  .26977E-01  .51650E-01  .77841E+02  .53953E-04 -.69842E+00
  .24307E-04  .28974E+03  .50000E+01  .26977E-01  .51650E-01  .77853E+02  .53953E-04  .69467E+00
 -.24331E-04  .28974E+03  .50000E+01  .26977E-01  .51650E-01  .77841E+02  .53953E-04 -.69094E+00
  .24355E-04  .28974E+03  .50000E+01  .26977E-01  .51650E-01  .77853E+02  .53953E-04  .68702E+00
 -.24381E-04  .28974E+03  .50000E+01  .26977E-01  .51650E-01  .77841E+02  .53953E-04 -.68312E+00
  .24407E-04  .28974E+03  .50000E+01  .26977E-01  .51650E-01  .77853E+02  .53953E-04  .67904E+00
 -.24434E-04  .28974E+03  .50000E+01  .26977E-01  .51650E-01  .77841E+02  .53953E-04 -.67496E+00
  .24462E-04  .28974E+03  .50000E+01  .26977E-01  .51650E-01  .77853E+02  .53953E-04  .67066E+00
 -.24491E-04  .28974E+03  .50000E+01  .26977E-01  .51650E-01  .77842E+02  .53954E-04 -.66627E+00
  .24521E-04  .28974E+03  .50000E+01  .26977E-01  .51650E-01  .77856E+02  .53954E-04  .66160E+00
 -.24553E-04  .28974E+03  .50000E+01  .26977E-01  .51650E-01  .77848E+02  .53955E-04 -.65700E+00
  .24585E-04  .28974E+03  .50000E+01  .26978E-01  .51650E-01  .77867E+02  .53955E-04  .65224E+00
 -.24619E-04  .28974E+03  .50000E+01  .26978E-01  .51650E-01  .77864E+02  .53956E-04 -.64746E+00
  .24654E-04  .28974E+03  .50000E+01  .26979E-01  .51650E-01  .77883E+02  .53957E-04  .64239E+00
 -.24691E-04  .28974E+03  .50000E+01  .26979E-01  .51650E-01  .77877E+02  .53959E-04 -.63728E+00
  .24729E-04  .28974E+03  .50000E+01  .26980E-01  .51651E-01  .77896E+02  .53960E-04  .63190E+00
 -.24770E-04  .28974E+03  .50000E+01  .26981E-01  .51651E-01  .77891E+02  .53962E-04 -.62652E+00
  .24811E-04  .28974E+03  .50000E+01  .26982E-01  .51651E-01  .77904E+02  .53963E-04  .62086E+00
 -.24855E-04  .28974E+03  .50000E+01  .26983E-01  .51651E-01  .77888E+02  .53965E-04 -.61514E+00
  .24900E-04  .28974E+03  .50000E+01  .26983E-01  .51651E-01  .77892E+02  .53967E-04  .60908E+00
 -.24948E-04  .28974E+03  .50000E+01  .26984E-01  .51652E-01  .77874E+02  .53969E-04 -.60296E+00
  .24996E-04  .28974E+03  .50000E+01  .26985E-01  .51652E-01  .77881E+02  .53970E-04  .59649E+00
 -.25049E-04  .28974E+03  .50000E+01  .26986E-01  .51652E-01  .77868E+02  .53972E-04 -.58992E+00
  .25102E-04  .28975E+03  .50000E+01  .26987E-01  .51653E-01  .77880E+02  .53973E-04  .58297E+00
 -.25159E-04  .28974E+03  .50000E+01  .26987E-01  .51653E-01  .77869E+02  .53974E-04 -.57589E+00
  .25218E-04  .28975E+03  .50000E+01  .26987E-01  .51653E-01  .77881E+02  .53975E-04  .56840E+00
 -.25282E-04  .28974E+03  .50000E+01  .26988E-01  .51653E-01  .77870E+02  .53975E-04 -.56075E+00
  .25347E-04  .28975E+03  .50000E+01  .26988E-01  .51654E-01  .77882E+02  .53976E-04  .55265E+00
 -.25418E-04  .28974E+03  .50000E+01  .26988E-01  .51654E-01  .77871E+02  .53976E-04 -.54434E+00
  .25492E-04  .28975E+03  .50000E+01  .26988E-01  .51654E-01  .77881E+02  .53976E-04  .53553E+00
 -.25571E-04  .28974E+03  .50000E+01  .26988E-01  .51654E-01  .77870E+02  .53976E-04 -.52647E+00
  .25654E-04  .28975E+03  .50000E+01  .26988E-01  .51654E-01  .77880E+02  .53976E-04  .51684E+00
 -.25745E-04  .28974E+03  .50000E+01  .26988E-01  .51654E-01  .77869E+02  .53976E-04 -.50691E+00
  .25839E-04  .28975E+03  .50000E+01  .26988E-01  .51654E-01  .77880E+02  .53975E-04  .49633E+00
 -.25942E-04  .28974E+03  .50000E+01  .26988E-01  .51654E-01  .77869E+02  .53975E-04 -.48539E+00
  .26051E-04  .28975E+03  .50000E+01  .26988E-01  .51654E-01  .77879E+02  .53975E-04  .47370E+00
 -.26170E-04  .28974E+03  .50000E+01  .26988E-01  .51654E-01  .77868E+02  .53975E-04 -.46156E+00
  .26296E-04  .28975E+03  .50000E+01  .26988E-01  .51654E-01  .77879E+02  .53975E-04  .44857E+00
 -.26434E-04  .28974E+03  .50000E+01  .26988E-01  .51654E-01  .77868E+02  .53975E-04 -.43501E+00
  .26582E-04  .28975E+03  .50000E+01  .26988E-01  .51654E-01  .77878E+02  .53975E-04  .42046E+00
 -.26746E-04  .28974E+03  .50000E+01  .26988E-01  .51654E-01  .77867E+02  .53975E-04 -.40520E+00
  .26922E-04  .28975E+03  .50000E+01  .26988E-01  .51654E-01  .77878E+02  .53975E-04  .38877E+00
 -.27117E-04  .28974E+03  .50000E+01  .26988E-01  .51654E-01  .77867E+02  .53975E-04 -.37146E+00
  .27329E-04  .28975E+03  .50000E+01  .26988E-01  .51654E-01  .77877E+02  .53975E-04  .35274E+00
 -.27567E-04  .28974E+03  .50000E+01  .26988E-01  .51654E-01  .77867E+02  .53975E-04 -.33291E+00
  .27827E-04  .28975E+03  .50000E+01  .26988E-01  .51654E-01  .77877E+02  .53975E-04  .31137E+00
 -.28120E-04  .28974E+03  .50000E+01  .26988E-01  .51654E-01  .77867E+02  .53975E-04 -.28839E+00
  .28446E-04  .28975E+03  .50000E+01  .26988E-01  .51654E-01  .77878E+02  .53975E-04  .26332E+00
 -.28816E-04  .28974E+03  .50000E+01  .26988E-01  .51654E-01  .77868E+02  .53975E-04 -.23638E+00
  .29233E-04  .28975E+03  .50000E+01  .26987E-01  .51654E-01  .77877E+02  .53975E-04  .20677E+00
 -.29714E-04  .28974E+03  .50000E+01  .26987E-01  .51654E-01  .77867E+02  .53974E-04 -.17466E+00
  .30264E-04  .28975E+03  .50000E+01  .26987E-01  .51654E-01  .77875E+02  .53973E-04  .13908E+00
